   7.6919123e+00  -6.8810342e+00   1.0000000e+00
   6.3541803e+00  -1.0009544e+01   1.0000000e+00
   1.0276309e-01  -8.2215443e+00   1.0000000e+00
   7.2193522e+00  -1.1514788e+01   1.0000000e+00
   4.2183702e+00  -1.0959654e+01   1.0000000e+00
   4.5481206e+00  -8.1702218e+00   1.0000000e+00
   2.4434891e+00  -8.6531129e+00   1.0000000e+00
   2.3477969e+00  -9.7340396e+00   1.0000000e+00
   3.8844292e+00  -5.7377490e+00   1.0000000e+00
   5.5053076e+00  -6.2039419e+00   1.0000000e+00
   5.5535172e+00  -1.0362548e+01   1.0000000e+00
   9.6559825e+00  -1.4298980e+01   1.0000000e+00
   5.8921794e+00  -9.9601183e+00   1.0000000e+00
   2.7327506e+00  -7.8371326e+00   1.0000000e+00
   3.0344399e+00  -6.8871533e+00   1.0000000e+00
   2.9612061e+00  -7.8075821e+00   1.0000000e+00
   4.6480103e+00  -8.2269065e+00   1.0000000e+00
   2.8608579e+00  -1.4135599e+01   1.0000000e+00
   5.5067238e+00  -8.6111883e+00   1.0000000e+00
   4.9216302e+00  -6.0877130e+00   1.0000000e+00
   5.5272371e+00  -6.5882870e+00   1.0000000e+00
   4.1947512e+00  -1.0030497e+01   1.0000000e+00
   5.0596390e+00  -8.0193997e+00   1.0000000e+00
   6.7002404e+00  -1.2293675e+01   1.0000000e+00
   4.0205412e+00  -7.4383445e+00   1.0000000e+00
   6.1380420e-01  -8.6772916e+00   1.0000000e+00
   8.8580683e+00  -8.8018113e+00   1.0000000e+00
   4.8583694e+00  -7.0854541e+00   1.0000000e+00
   2.5372993e+00  -6.3271486e+00   1.0000000e+00
   5.3791223e+00  -9.6708820e+00   1.0000000e+00
  -1.4267635e+00  -7.2060391e+00   1.0000000e+00
   5.8090162e+00  -7.8851705e+00   1.0000000e+00
   2.1453548e+00  -9.9000139e+00   1.0000000e+00
   4.5839312e-02  -6.7751965e+00   1.0000000e+00
   4.2230660e+00  -6.1117222e+00   1.0000000e+00
   5.5076835e+00  -9.6496894e+00   1.0000000e+00
   2.0092307e+00  -1.0723848e+01   1.0000000e+00
   5.9867692e+00  -5.9395930e+00   1.0000000e+00
   5.2225965e+00  -9.4855852e+00   1.0000000e+00
   1.1394386e+00  -7.1601995e+00   1.0000000e+00
   5.1220359e+00  -1.1493638e+01   1.0000000e+00
   5.3977838e+00  -9.8338037e+00   1.0000000e+00
   8.4860922e+00  -9.4180158e+00   1.0000000e+00
  -9.7692892e-01  -1.0928277e+01   1.0000000e+00
   4.6082037e+00  -5.0013150e+00   1.0000000e+00
   5.8496037e+00  -7.8478121e+00   1.0000000e+00
   4.3186748e+00  -3.6235566e+00   1.0000000e+00
   5.8476028e+00  -8.7624671e+00   1.0000000e+00
   8.8268228e+00  -7.1804910e+00   1.0000000e+00
   5.8356713e+00  -7.1458816e+00   1.0000000e+00
   4.2650516e+00  -9.1262228e+00   1.0000000e+00
   5.3840322e+00  -8.3763472e+00   1.0000000e+00
   4.8759323e+00  -1.1743380e+01   1.0000000e+00
   5.2743693e+00  -8.1026639e+00   1.0000000e+00
   3.2577939e+00  -7.0870402e+00   1.0000000e+00
   7.4973561e+00  -8.9903070e+00   1.0000000e+00
   4.7081292e+00  -8.5382949e+00   1.0000000e+00
   3.1878548e+00  -6.1987756e+00   1.0000000e+00
   5.1596164e+00  -8.5695137e+00   1.0000000e+00
   6.4331127e+00  -6.9940426e+00   1.0000000e+00
   2.7561496e+00  -9.2206642e+00   1.0000000e+00
   4.2754607e+00  -6.8409082e+00   1.0000000e+00
   9.7571497e-01  -8.5808720e+00   1.0000000e+00
   6.7560000e+00  -7.3749364e+00   1.0000000e+00
   4.8984583e+00  -1.0881406e+01   1.0000000e+00
   4.1772289e+00  -9.0491524e+00   1.0000000e+00
  -1.3034184e-01  -8.8993591e+00   1.0000000e+00
   4.6267657e+00  -8.9271834e+00   1.0000000e+00
   4.0116763e+00  -7.8700548e+00   1.0000000e+00
   1.8600752e+00  -1.0276763e+01   1.0000000e+00
   2.1827956e+00  -9.3580308e+00   1.0000000e+00
   7.0210462e-01  -8.5204959e+00   1.0000000e+00
   5.6798270e+00  -1.0031172e+01   1.0000000e+00
   4.6134530e+00  -8.3854554e+00   1.0000000e+00
   8.1312438e-01  -1.1581310e+01   1.0000000e+00
   3.9002734e+00  -9.2164392e+00   1.0000000e+00
   2.1564888e+00  -1.4040056e+01   1.0000000e+00
   1.6864979e+00  -9.9991498e+00   1.0000000e+00
   3.2920145e+00  -1.1699628e+01   1.0000000e+00
   3.8312992e+00  -8.6869082e+00   1.0000000e+00
   8.1216079e+00  -1.0002869e+01   1.0000000e+00
   6.0671640e+00  -7.4785920e+00   1.0000000e+00
   3.9229952e+00  -1.1311480e+01   1.0000000e+00
   5.7823250e+00  -8.0407475e+00   1.0000000e+00
   2.0020194e+00  -7.2505803e+00   1.0000000e+00
   6.9967262e+00  -8.8428911e+00   1.0000000e+00
   3.9219770e+00  -1.0221495e+01   1.0000000e+00
   5.0053607e+00  -7.0273669e+00   1.0000000e+00
   1.8800347e+00  -7.5895378e+00   1.0000000e+00
   5.8666416e+00  -1.2346133e+01   1.0000000e+00
   4.7616882e+00  -8.6240830e+00   1.0000000e+00
   3.9217773e+00  -8.0409172e+00   1.0000000e+00
   2.1170087e+00  -1.0199517e+01   1.0000000e+00
   4.3402552e+00  -8.0785296e+00   1.0000000e+00
   3.9075524e+00  -4.7220087e+00   1.0000000e+00
   5.0621396e+00  -9.2692750e+00   1.0000000e+00
   3.7700483e+00  -1.1766361e+01   1.0000000e+00
   4.0932151e+00  -8.4077441e+00   1.0000000e+00
   5.9434652e+00  -1.0090287e+01   1.0000000e+00
   2.1221053e+00  -9.9039941e+00   1.0000000e+00
   9.8491073e+00   3.7757602e+00   2.0000000e+00
   3.3325480e+00   6.7613052e-02   2.0000000e+00
   7.2655815e+00  -3.8568574e-01   2.0000000e+00
   8.7939283e+00   1.6991010e+00   2.0000000e+00
   9.1023860e+00   1.0453170e-02   2.0000000e+00
   1.0922611e+01  -2.9172601e+00   2.0000000e+00
   1.0033690e+01   2.7171583e+00   2.0000000e+00
   1.0044748e+01   3.6122405e+00   2.0000000e+00
   6.1801354e+00   3.2873556e+00   2.0000000e+00
   7.5708762e+00   8.2633660e-01   2.0000000e+00
   9.4039736e+00   1.1902827e+00   2.0000000e+00
   1.2350459e+01   2.3203496e+00   2.0000000e+00
   9.7675450e+00  -2.4809320e-01   2.0000000e+00
   7.7707924e+00  -8.1971064e-01   2.0000000e+00
   1.0604305e+01   6.8650191e-01   2.0000000e+00
   7.8597704e+00  -1.5473236e+00   2.0000000e+00
   9.8397294e+00   6.8445044e-01   2.0000000e+00
   9.1070143e+00   2.3398339e+00   2.0000000e+00
   8.8880512e+00  -2.4856948e+00   2.0000000e+00
   1.2171809e+01   1.5797274e-01   2.0000000e+00
   5.8036243e+00   2.2051757e+00   2.0000000e+00
   6.3961808e+00  -1.0380308e+00   2.0000000e+00
   8.9859686e+00   1.8334465e-01   2.0000000e+00
   7.7447411e+00  -2.9173863e+00   2.0000000e+00
   1.0381052e+01  -9.6333276e-01   2.0000000e+00
   8.7019972e+00   1.3019342e+00   2.0000000e+00
   7.1218976e+00   1.4326303e-02   2.0000000e+00
   5.1692861e+00  -3.4999809e-01   2.0000000e+00
   7.2106622e+00   1.0170531e-01   2.0000000e+00
   9.0843214e+00  -2.2561641e+00   2.0000000e+00
   7.1401195e+00  -2.6839804e+00   2.0000000e+00
   8.5254871e+00  -1.5534528e-01   2.0000000e+00
   8.2586277e+00  -1.2088427e+00   2.0000000e+00
   6.5268266e+00  -1.6657071e+00   2.0000000e+00
   8.6662540e+00   2.1249984e+00   2.0000000e+00
   1.0771010e+01   2.3992592e-01   2.0000000e+00
   8.8302262e+00  -2.5797550e+00   2.0000000e+00
   9.8745940e+00  -1.0625749e+00   2.0000000e+00
   1.1454143e+01   4.7105569e+00   2.0000000e+00
   9.5790945e+00  -1.8287915e+00   2.0000000e+00
   1.0283952e+01   7.1785232e-01   2.0000000e+00
   1.1028295e+01   1.3690215e-01   2.0000000e+00
   1.0776368e+01  -2.9712380e+00   2.0000000e+00
   8.5567973e+00   1.2309448e+00   2.0000000e+00
   1.1428296e+01   5.8286373e-01   2.0000000e+00
   8.4033253e+00   2.6338933e+00   2.0000000e+00
   7.2744705e+00   2.0866666e+00   2.0000000e+00
   6.6436322e+00   1.3532224e+00   2.0000000e+00
   1.0979212e+01  -1.9132558e-01   2.0000000e+00
   1.2010111e+01  -1.6877049e+00   2.0000000e+00
   6.8867467e+00   1.3556903e+00   2.0000000e+00
   1.0420257e+01  -5.7901390e-01   2.0000000e+00
   7.4716684e+00   5.4505468e+00   2.0000000e+00
   1.0010402e+01   3.4189117e+00   2.0000000e+00
   6.9039291e+00  -3.7242117e+00   2.0000000e+00
   9.3368349e+00   1.0264621e+00   2.0000000e+00
   9.8542678e+00   7.5489586e-01   2.0000000e+00
   1.0153649e+01   4.9971918e+00   2.0000000e+00
   6.0232766e+00  -3.2499222e+00   2.0000000e+00
   6.9577350e+00   3.7339906e+00   2.0000000e+00
   8.1403440e+00  -2.2490762e+00   2.0000000e+00
   9.5751310e+00   6.6718056e-01   2.0000000e+00
   8.2587676e+00   1.4178896e+00   2.0000000e+00
   9.5475769e+00   1.5328339e+00   2.0000000e+00
   1.1202386e+01  -2.0442651e+00   2.0000000e+00
   9.8829793e+00  -4.8653071e-01   2.0000000e+00
   9.4783732e+00   3.4901942e+00   2.0000000e+00
   1.0680474e+01  -6.9008569e-01   2.0000000e+00
   1.1252637e+01   2.7156214e+00   2.0000000e+00
   3.0743163e+00   3.1591473e+00   2.0000000e+00
   7.1727886e+00   8.2552646e-01   2.0000000e+00
   6.5276671e+00  -1.4934996e+00   2.0000000e+00
   9.9776050e+00   8.9159000e-01   2.0000000e+00
   1.3435873e+01  -2.5120653e-01   2.0000000e+00
   1.0312617e+01   1.9116362e+00   2.0000000e+00
   9.3624805e+00   2.8312832e+00   2.0000000e+00
   9.0427264e+00  -3.0746239e-01   2.0000000e+00
   9.2278242e+00  -2.9326405e+00   2.0000000e+00
   1.0632561e+01   1.2787642e+00   2.0000000e+00
   8.8508105e+00   8.7303354e-02   2.0000000e+00
   5.3410555e+00  -1.6016375e+00   2.0000000e+00
   5.9292067e+00   4.2014133e-01   2.0000000e+00
   8.4593433e+00   3.1350737e+00   2.0000000e+00
   5.1859963e+00   1.0556756e+00   2.0000000e+00
   7.6098588e+00  -4.3180517e-01   2.0000000e+00
   1.1831171e+01  -6.4640334e+00   2.0000000e+00
   1.2141496e+01   2.1584979e+00   2.0000000e+00
   7.1686130e+00  -2.3815438e+00   2.0000000e+00
   1.1462733e+01   6.9405302e-01   2.0000000e+00
   6.9580596e+00   5.7635007e-01   2.0000000e+00
   9.2016686e+00   1.3328998e+00   2.0000000e+00
   6.0652409e+00  -2.1926671e+00   2.0000000e+00
   7.5536936e+00  -1.0437199e+00   2.0000000e+00
   7.2087055e+00   2.6722417e+00   2.0000000e+00
   9.6344812e+00   1.7107663e+00   2.0000000e+00
   9.2522903e+00   1.7670644e-02   2.0000000e+00
   9.6292038e+00  -4.1612575e-01   2.0000000e+00
   8.5157926e+00  -6.8627515e-02   2.0000000e+00
   6.8347043e+00   1.8477483e+00   2.0000000e+00
   5.0073440e+00   1.0818695e+00   2.0000000e+00
   3.6008150e+00   7.2619717e+00   3.0000000e+00
   1.7707295e+00   8.9523217e+00   3.0000000e+00
   1.1006772e+00   5.0711233e+00   3.0000000e+00
   4.8581011e-01   4.8535359e+00   3.0000000e+00
   4.1386694e+00   3.8225392e+00   3.0000000e+00
   1.8614055e+00   6.8288881e+00   3.0000000e+00
   3.9342874e+00   9.1407330e+00   3.0000000e+00
   2.7583159e+00   5.4335245e+00   3.0000000e+00
   8.7027773e-01   9.5844206e+00   3.0000000e+00
   5.8864138e-01   8.2592296e+00   3.0000000e+00
   1.0737032e-01   9.4588714e+00   3.0000000e+00
   9.7962115e-01   8.5486002e+00   3.0000000e+00
  -1.8900116e+00   8.6388359e+00   3.0000000e+00
   2.9794752e+00   6.2136972e+00   3.0000000e+00
   6.6168812e-02   6.3233527e+00   3.0000000e+00
  -7.5911778e-02   6.9831208e+00   3.0000000e+00
  -7.7167917e-01   8.6753662e+00   3.0000000e+00
   5.0773219e+00   9.7265602e+00   3.0000000e+00
   2.8130444e-01   1.1104966e+01   3.0000000e+00
   1.2774131e+00   5.8313576e+00   3.0000000e+00
   4.0509024e+00   7.2906703e+00   3.0000000e+00
   1.7976827e+00   7.9957376e+00   3.0000000e+00
   1.3914687e+00   4.8512103e+00   3.0000000e+00
   1.6659640e+00   7.8930468e+00   3.0000000e+00
  -4.0192931e-01   7.8380977e+00   3.0000000e+00
  -2.1433997e+00   8.8752615e+00   3.0000000e+00
   3.1785008e+00   6.4577946e+00   3.0000000e+00
   2.4969799e-01   9.2296307e+00   3.0000000e+00
   3.4631065e+00   1.1658135e+01   3.0000000e+00
   5.2138048e+00   8.7496992e+00   3.0000000e+00
   6.8823548e-01   4.9960804e+00   3.0000000e+00
  -5.5484026e-01   1.0378059e+01   3.0000000e+00
   5.2931716e+00   4.4423416e+00   3.0000000e+00
   1.6500112e+00   1.1535145e+01   3.0000000e+00
   1.2553271e-01   9.0319928e+00   3.0000000e+00
   1.3901372e+00   4.8446492e+00   3.0000000e+00
  -1.2315850e-02   8.4753149e+00   3.0000000e+00
   4.9213149e+00   5.7005961e+00   3.0000000e+00
   2.4340714e+00   5.4212197e+00   3.0000000e+00
   6.7310474e-01   7.8578382e+00   3.0000000e+00
  -6.6972396e-01   5.1466281e+00   3.0000000e+00
   1.0979044e-01   8.0508711e+00   3.0000000e+00
   2.8097414e+00   4.6756640e+00   3.0000000e+00
   4.6114609e+00   6.3507960e+00   3.0000000e+00
   7.1229495e+00   4.0478978e+00   3.0000000e+00
   3.8009389e+00   8.2485265e+00   3.0000000e+00
   5.2281256e+00   9.8081684e+00   3.0000000e+00
  -1.9752781e+00   7.5872983e+00   3.0000000e+00
   4.5701769e+00   5.9648334e+00   3.0000000e+00
   1.8848271e+00   1.0640323e+01   3.0000000e+00
   3.0180045e+00   7.2489200e+00   3.0000000e+00
   3.6366336e+00   4.4048006e+00   3.0000000e+00
   1.3900328e+00   7.4610198e+00   3.0000000e+00
  -6.1270193e-01   7.6339232e+00   3.0000000e+00
   3.4938702e+00   4.6808790e+00   3.0000000e+00
   1.1734257e+00   8.0339998e+00   3.0000000e+00
   3.4024494e+00   1.2117156e+01   3.0000000e+00
   3.3997401e+00   3.9715781e+00   3.0000000e+00
   7.8283143e-01   5.7120883e+00   3.0000000e+00
   1.3099610e+00   6.9332580e+00   3.0000000e+00
   1.7688872e+00   6.0274628e+00   3.0000000e+00
  -1.3713121e+00   9.4505235e+00   3.0000000e+00
   5.2667558e+00   7.3044770e+00   3.0000000e+00
  -4.3089013e-01   3.4364102e+00   3.0000000e+00
   2.9702117e+00   6.4259966e+00   3.0000000e+00
  -5.1834231e-01   6.5711228e+00   3.0000000e+00
   2.8752089e+00   4.0554723e+00   3.0000000e+00
   1.1948723e+00   1.1667516e+01   3.0000000e+00
  -9.9100850e-01   8.3551179e+00   3.0000000e+00
   2.6040033e+00   1.2409329e+01   3.0000000e+00
  -3.7011784e-01   8.8031706e+00   3.0000000e+00
   6.0969963e-01   4.5389812e+00   3.0000000e+00
   1.7373877e+00   4.1549372e+00   3.0000000e+00
  -4.2396932e-01   5.7215523e+00   3.0000000e+00
   7.1178551e-01   8.1234548e+00   3.0000000e+00
   2.2331642e+00   7.2552028e+00   3.0000000e+00
   5.2341712e-01   8.8418132e+00   3.0000000e+00
   2.1032514e+00   1.1096865e+01   3.0000000e+00
   2.2146247e+00   5.8137585e+00   3.0000000e+00
   3.0609889e+00   7.7634147e+00   3.0000000e+00
   1.9410089e+00   7.6225962e+00   3.0000000e+00
   2.6769211e+00   1.0132605e+01   3.0000000e+00
   4.1969044e+00   6.1724920e+00   3.0000000e+00
   3.7937549e+00   9.5190133e+00   3.0000000e+00
   1.7269243e+00   8.8077200e+00   3.0000000e+00
  -7.6198708e-01   9.1108312e+00   3.0000000e+00
   3.4426497e+00   8.4627936e+00   3.0000000e+00
   5.6757053e+00   5.1368160e+00   3.0000000e+00
   1.1044657e+00   8.7531508e+00   3.0000000e+00
   4.0366272e-02   4.8499631e+00   3.0000000e+00
   2.8580294e+00   7.0547510e+00   3.0000000e+00
   4.9492875e+00   8.8611580e+00   3.0000000e+00
   1.9670719e+00   6.7261400e+00   3.0000000e+00
   4.0497585e+00   6.6348845e+00   3.0000000e+00
  -9.8682506e-01   8.6724449e+00   3.0000000e+00
   8.3927960e-01   7.7528090e+00   3.0000000e+00
   2.7512363e+00   5.8173167e+00   3.0000000e+00
   1.3501851e+00   1.1758643e+01   3.0000000e+00
   6.2297342e+00   4.3276390e+00   3.0000000e+00
   1.5263166e+00   7.7716075e+00   3.0000000e+00
  -4.0532133e+00   1.2809263e+00   4.0000000e+00
  -3.8522122e+00   2.8082589e+00   4.0000000e+00
  -6.0379650e+00   2.9346663e+00   4.0000000e+00
  -6.8201004e+00   2.7076676e+00   4.0000000e+00
  -7.0762341e+00   2.4370844e+00   4.0000000e+00
  -6.8521208e+00   3.0677667e+00   4.0000000e+00
  -8.3554261e+00   5.6380772e+00   4.0000000e+00
  -7.2217811e+00   3.7756995e+00   4.0000000e+00
  -6.5838000e+00   4.7888777e-01   4.0000000e+00
  -3.6823617e+00   2.9815298e+00   4.0000000e+00
  -4.9139946e+00   5.2903743e+00   4.0000000e+00
  -8.8890884e+00   4.3057658e+00   4.0000000e+00
  -9.5065016e+00   4.1353616e+00   4.0000000e+00
  -5.0690570e+00   5.1655564e+00   4.0000000e+00
  -6.6544328e+00   5.5245974e+00   4.0000000e+00
  -8.5621956e+00   4.1944596e-01   4.0000000e+00
  -6.0312162e+00   4.1544511e+00   4.0000000e+00
  -9.2457045e+00   2.7852564e-01   4.0000000e+00
  -7.8130293e+00   3.9932550e+00   4.0000000e+00
  -4.5016058e+00   1.7425613e+00   4.0000000e+00
  -5.8535112e+00   4.1054434e+00   4.0000000e+00
  -4.4285531e+00   1.7474310e+00   4.0000000e+00
  -7.3284432e+00   4.5268908e+00   4.0000000e+00
  -9.1098787e+00  -2.9147132e-02   4.0000000e+00
  -1.0993808e+01   3.8301991e-01   4.0000000e+00
  -5.1417853e+00   6.3331856e+00   4.0000000e+00
  -3.6606654e+00   1.9886993e+00   4.0000000e+00
  -7.3159919e+00   2.8414702e-01   4.0000000e+00
  -1.0462235e+01   2.6575813e+00   4.0000000e+00
  -5.1483900e+00   2.1058227e+00   4.0000000e+00
  -8.0023020e+00   3.5745260e+00   4.0000000e+00
  -8.6064239e+00   1.4524390e+00   4.0000000e+00
  -4.2664800e+00   2.8453658e+00   4.0000000e+00
  -6.6212447e+00  -1.7911933e+00   4.0000000e+00
  -9.8160032e+00   7.3751947e+00   4.0000000e+00
  -1.0288484e+01   2.1166516e+00   4.0000000e+00
  -5.2896749e+00   5.4166836e+00   4.0000000e+00
  -7.6626028e+00   2.7595847e+00   4.0000000e+00
  -6.6223771e+00   5.5036733e+00   4.0000000e+00
  -7.8226615e+00   2.0811584e+00   4.0000000e+00
  -3.3868179e+00   2.0040793e+00   4.0000000e+00
  -7.1155674e+00   1.3139107e+00   4.0000000e+00
  -7.4444682e+00   3.0294146e+00   4.0000000e+00
  -6.9142656e+00   3.8107713e+00   4.0000000e+00
  -5.3336138e+00   4.0663926e+00   4.0000000e+00
  -6.9464385e+00   6.8779765e+00   4.0000000e+00
  -5.0847814e+00  -8.5455975e-01   4.0000000e+00
  -5.4615394e+00   2.0005161e+00   4.0000000e+00
  -7.7255516e+00   5.2383046e+00   4.0000000e+00
  -8.6418205e+00   7.4952476e-01   4.0000000e+00
  -5.4707586e+00   3.7472591e+00   4.0000000e+00
  -1.1071743e+01   2.0364372e+00   4.0000000e+00
  -7.8922105e+00   7.5081107e+00   4.0000000e+00
  -8.7653892e+00   2.4344970e+00   4.0000000e+00
  -4.1639864e+00   6.4145069e+00   4.0000000e+00
  -1.0079745e+01   4.4327167e+00   4.0000000e+00
  -6.1068485e+00   5.3768112e+00   4.0000000e+00
  -3.8303529e+00   1.1257207e+00   4.0000000e+00
  -7.5006598e+00   3.7818995e-01   4.0000000e+00
  -7.9120656e+00   1.8547865e+00   4.0000000e+00
  -7.1230350e+00   6.3333041e-02   4.0000000e+00
  -6.0708716e+00   1.6598455e+00   4.0000000e+00
  -6.1620052e+00   5.1274149e+00   4.0000000e+00
  -7.9924533e+00   6.5297550e+00   4.0000000e+00
  -5.5609111e+00   3.4259898e+00   4.0000000e+00
  -8.9897286e+00   5.1196081e-01   4.0000000e+00
  -7.0034725e+00   1.2406252e+00   4.0000000e+00
  -1.0793206e+00   5.4550961e+00   4.0000000e+00
  -6.7451197e+00   3.2647707e-01   4.0000000e+00
  -5.5690304e+00   3.9456679e+00   4.0000000e+00
  -4.4283572e+00   5.1188765e-01   4.0000000e+00
  -5.7834704e+00   2.4293447e+00   4.0000000e+00
  -7.5653567e+00   5.6122398e-01   4.0000000e+00
  -7.7928958e+00   5.2169433e+00   4.0000000e+00
  -6.8501217e+00   6.9413949e+00   4.0000000e+00
  -2.6600339e+00   3.8521497e+00   4.0000000e+00
  -5.5412149e+00   4.7882109e+00   4.0000000e+00
  -3.4325525e+00   4.6356279e-01   4.0000000e+00
  -8.4732671e+00   3.4350935e+00   4.0000000e+00
  -8.9304026e+00   5.8632671e+00   4.0000000e+00
  -4.2378181e+00   1.6567903e+00   4.0000000e+00
  -4.6687858e+00   5.7633368e+00   4.0000000e+00
  -7.4687367e+00   2.8821433e+00   4.0000000e+00
  -5.7358286e+00   1.2409890e+00   4.0000000e+00
  -8.4415976e+00   3.9745826e+00   4.0000000e+00
  -3.9764316e+00   4.2315283e+00   4.0000000e+00
  -3.1967166e+00   4.8222286e+00   4.0000000e+00
  -6.9171681e+00   2.5602622e+00   4.0000000e+00
  -4.2762733e+00   2.9181573e+00   4.0000000e+00
  -4.9905195e+00   9.8439499e-01   4.0000000e+00
  -6.0600685e+00   2.7537341e+00   4.0000000e+00
  -7.5393434e+00   2.6839552e+00   4.0000000e+00
  -5.4499129e+00   3.6457904e+00   4.0000000e+00
  -5.1801001e+00   4.6149135e+00   4.0000000e+00
  -6.9841948e+00   2.5380590e+00   4.0000000e+00
  -2.2130746e+00   5.0253645e+00   4.0000000e+00
  -6.5971779e+00   4.7105300e+00   4.0000000e+00
  -5.2611529e+00   8.1958351e+00   4.0000000e+00
  -2.0211648e+00   2.9075725e+00   4.0000000e+00
  -5.4671473e+00   5.0483827e+00   4.0000000e+00
  -3.9682249e+00  -8.0102103e+00   5.0000000e+00
  -5.1174700e+00  -9.0820946e+00   5.0000000e+00
  -3.6255529e+00  -3.9762828e+00   5.0000000e+00
  -6.8353835e+00  -4.5933628e+00   5.0000000e+00
  -3.9160127e+00  -7.7817419e+00   5.0000000e+00
  -8.1794959e+00  -5.1548555e+00   5.0000000e+00
  -6.8161486e+00  -5.4936237e+00   5.0000000e+00
  -8.6692713e+00  -5.9179220e+00   5.0000000e+00
  -4.8671146e+00  -3.0729788e+00   5.0000000e+00
  -5.4576856e+00  -3.2543050e+00   5.0000000e+00
  -8.2713202e+00  -7.1671600e+00   5.0000000e+00
  -9.2245938e+00  -7.8244039e+00   5.0000000e+00
  -5.6433895e+00  -1.5642714e+00   5.0000000e+00
  -3.8264392e+00  -1.0078857e+01   5.0000000e+00
  -4.1652184e+00  -4.7476838e+00   5.0000000e+00
  -7.5349774e+00  -6.9662523e+00   5.0000000e+00
  -5.7032533e+00  -6.2105045e+00   5.0000000e+00
  -8.0901774e+00  -1.1205181e+01   5.0000000e+00
  -4.5980678e+00  -2.1472266e+00   5.0000000e+00
  -6.1951087e+00  -6.2918429e+00   5.0000000e+00
  -4.5687626e+00  -3.1892799e+00   5.0000000e+00
  -6.2861656e+00  -7.9457847e+00   5.0000000e+00
  -3.0235023e+00  -6.5978247e+00   5.0000000e+00
  -3.7388014e+00  -6.0604709e+00   5.0000000e+00
  -4.6238280e+00  -7.2128436e+00   5.0000000e+00
  -6.2488777e+00  -7.9576134e-01   5.0000000e+00
  -4.7389998e+00  -7.0301870e+00   5.0000000e+00
  -9.0752448e+00  -5.8772641e+00   5.0000000e+00
  -1.3185019e+00  -3.6252471e+00   5.0000000e+00
  -6.8888319e+00  -9.0379939e+00   5.0000000e+00
  -8.2129998e+00  -6.4982282e+00   5.0000000e+00
  -6.0740727e+00  -9.4115961e+00   5.0000000e+00
  -6.7828623e+00  -6.5399663e+00   5.0000000e+00
  -4.4487574e-01  -6.4546386e+00   5.0000000e+00
  -6.8312353e+00  -2.0755806e+00   5.0000000e+00
  -7.3932519e+00  -3.7565772e+00   5.0000000e+00
  -6.5606219e+00  -8.6270386e+00   5.0000000e+00
  -8.1664513e+00  -7.3828896e+00   5.0000000e+00
  -5.3341295e+00  -6.7168848e+00   5.0000000e+00
  -3.9332384e+00  -2.6137138e+00   5.0000000e+00
  -4.4872279e+00  -7.9318285e+00   5.0000000e+00
  -5.6867741e+00  -5.0603848e+00   5.0000000e+00
  -6.2896876e+00  -7.1733130e+00   5.0000000e+00
  -5.3415543e+00  -7.4906652e+00   5.0000000e+00
  -5.2385379e+00  -9.8175889e+00   5.0000000e+00
  -6.1510826e+00  -5.7124457e+00   5.0000000e+00
  -4.5376900e+00  -6.6982861e+00   5.0000000e+00
  -6.7386062e+00  -5.0403600e+00   5.0000000e+00
  -5.1805507e+00  -7.1968481e+00   5.0000000e+00
  -5.5931206e+00  -5.3762046e+00   5.0000000e+00
  -6.2113080e+00  -4.5841261e+00   5.0000000e+00
  -5.4364688e+00  -6.8525162e+00   5.0000000e+00
  -6.4739547e+00  -3.8660551e+00   5.0000000e+00
  -5.1248206e+00  -8.6701362e+00   5.0000000e+00
  -6.2868221e+00  -6.9454947e+00   5.0000000e+00
  -5.6083082e+00  -8.4760469e+00   5.0000000e+00
  -5.0642375e+00  -7.4611601e+00   5.0000000e+00
  -7.9481364e+00  -7.2721573e+00   5.0000000e+00
  -4.9487789e+00  -6.5645418e+00   5.0000000e+00
  -7.4572469e+00  -7.3159702e+00   5.0000000e+00
  -4.3608855e+00  -4.9128728e+00   5.0000000e+00
  -7.2993942e+00  -8.3680006e+00   5.0000000e+00
  -7.8134909e+00  -1.0053384e+01   5.0000000e+00
  -8.1041974e+00  -8.8340059e+00   5.0000000e+00
  -3.7791380e+00  -7.4419469e+00   5.0000000e+00
  -2.4730331e+00  -5.0168701e+00   5.0000000e+00
  -6.7937633e+00  -8.7075571e+00   5.0000000e+00
  -2.9687088e-01  -1.0035754e+01   5.0000000e+00
  -6.4397688e+00  -5.2993704e+00   5.0000000e+00
  -2.5575758e+00  -4.1218137e+00   5.0000000e+00
  -8.8714135e+00  -6.2467790e+00   5.0000000e+00
  -2.4496089e+00  -5.9583967e+00   5.0000000e+00
  -5.1435296e+00  -7.7732467e+00   5.0000000e+00
  -5.4597034e+00  -6.9461388e+00   5.0000000e+00
  -4.8265902e+00  -7.4109572e+00   5.0000000e+00
  -4.2196598e+00  -8.7062077e+00   5.0000000e+00
  -5.4727159e+00  -3.5036865e+00   5.0000000e+00
  -6.5235789e+00  -9.5734953e+00   5.0000000e+00
  -5.6975173e+00  -8.3389593e+00   5.0000000e+00
  -3.2715345e+00  -5.0489938e+00   5.0000000e+00
  -5.0964234e+00  -7.5352326e+00   5.0000000e+00
  -4.0966086e+00  -6.9343185e+00   5.0000000e+00
  -8.8448740e+00  -6.8665909e+00   5.0000000e+00
  -5.1743729e+00  -4.5527891e+00   5.0000000e+00
  -9.8115047e+00  -8.8087101e+00   5.0000000e+00
  -1.0212817e+01  -7.9645499e+00   5.0000000e+00
  -5.7468945e+00  -5.3887144e+00   5.0000000e+00
  -5.1060307e+00  -7.8193960e+00   5.0000000e+00
  -5.2601935e+00  -4.1453026e+00   5.0000000e+00
  -7.2999169e+00  -6.2345742e+00   5.0000000e+00
  -4.2292848e+00  -5.2124550e+00   5.0000000e+00
  -4.6819848e+00  -6.4773462e+00   5.0000000e+00
  -6.8142278e+00  -3.2254953e+00   5.0000000e+00
  -4.6132052e+00  -5.6065729e+00   5.0000000e+00
  -4.8763059e+00  -8.4492123e+00   5.0000000e+00
  -1.0961842e+01  -5.9764805e+00   5.0000000e+00
  -7.2768330e+00  -4.9463734e+00   5.0000000e+00
  -9.2649041e+00  -3.1923524e+00   5.0000000e+00
  -5.0692300e+00  -3.7854702e+00   5.0000000e+00
  -4.3736702e+00  -6.8237217e+00   5.0000000e+00
