   4.0468461e+00  -7.4922288e+00   1.0000000e+00
   4.3301284e+00  -7.3555966e+00   1.0000000e+00
   4.0952813e+00  -7.3560764e+00   1.0000000e+00
   4.0540063e+00  -8.0285719e+00   1.0000000e+00
   4.5003024e+00  -7.9766779e+00   1.0000000e+00
   4.2219392e+00  -8.0792592e+00   1.0000000e+00
   3.9979000e+00  -7.6692164e+00   1.0000000e+00
   4.5113010e+00  -7.8904183e+00   1.0000000e+00
   4.2006182e+00  -7.8818933e+00   1.0000000e+00
   4.8194064e+00  -6.6137630e+00   1.0000000e+00
   4.3209272e+00  -7.9987423e+00   1.0000000e+00
   4.3807795e+00  -7.9518284e+00   1.0000000e+00
   4.2460146e+00  -7.3359962e+00   1.0000000e+00
   4.5790581e+00  -7.7821377e+00   1.0000000e+00
   3.9431917e+00  -7.9698956e+00   1.0000000e+00
   4.8115799e+00  -7.7641943e+00   1.0000000e+00
   4.5169287e+00  -8.0009428e+00   1.0000000e+00
   4.4364699e+00  -7.5396468e+00   1.0000000e+00
   4.1421655e+00  -8.0869362e+00   1.0000000e+00
   4.8591160e+00  -7.4486505e+00   1.0000000e+00
   3.7805004e+00  -7.3775969e+00   1.0000000e+00
   4.1950989e+00  -7.4913899e+00   1.0000000e+00
   4.2566484e+00  -7.9544916e+00   1.0000000e+00
   3.8107452e+00  -7.7893930e+00   1.0000000e+00
   4.3155739e+00  -7.5016278e+00   1.0000000e+00
   4.3963149e+00  -7.3896311e+00   1.0000000e+00
   4.5026720e+00  -7.1905892e+00   1.0000000e+00
   3.8806024e+00  -7.1083917e+00   1.0000000e+00
   4.7127833e+00  -7.5531222e+00   1.0000000e+00
   4.3894853e+00  -7.6522146e+00   1.0000000e+00
   4.2958286e+00  -6.5937459e+00   1.0000000e+00
   4.5558761e+00  -7.5217997e+00   1.0000000e+00
   3.8619078e+00  -7.8817008e+00   1.0000000e+00
   3.8150605e+00  -8.0265596e+00   1.0000000e+00
   4.0938797e+00  -7.6440879e+00   1.0000000e+00
   4.9713350e+00  -7.5564946e+00   1.0000000e+00
   4.4654688e+00  -7.4928080e+00   1.0000000e+00
   3.5378332e+00  -7.1239225e+00   1.0000000e+00
   3.7458834e+00  -7.6152648e+00   1.0000000e+00
   4.1654168e+00  -7.5913715e+00   1.0000000e+00
   3.7550493e+00  -8.0751436e+00   1.0000000e+00
   4.6006163e+00  -7.2080046e+00   1.0000000e+00
   4.8199737e+00  -7.7148149e+00   1.0000000e+00
   4.9799563e+00  -7.5651440e+00   1.0000000e+00
   4.0735959e+00  -7.1141055e+00   1.0000000e+00
   4.1795531e+00  -7.7691104e+00   1.0000000e+00
   3.8610201e+00  -8.0589141e+00   1.0000000e+00
   4.0351059e+00  -7.6926269e+00   1.0000000e+00
   4.3799864e+00  -7.8643273e+00   1.0000000e+00
   4.4561889e+00  -7.5711341e+00   1.0000000e+00
   4.8471428e+00  -7.7082922e+00   1.0000000e+00
   4.3936045e+00  -7.8548017e+00   1.0000000e+00
   3.8750293e+00  -7.3604413e+00   1.0000000e+00
   4.6470587e+00  -7.6467076e+00   1.0000000e+00
   4.2541425e+00  -7.6456201e+00   1.0000000e+00
   4.1710594e+00  -8.1123815e+00   1.0000000e+00
   4.3284783e+00  -7.8235385e+00   1.0000000e+00
   4.9047702e+00  -7.7790638e+00   1.0000000e+00
   4.5524212e+00  -8.3553380e+00   1.0000000e+00
   4.5743361e+00  -7.6583013e+00   1.0000000e+00
   3.6329199e+00  -7.4259030e+00   1.0000000e+00
   4.1022799e+00  -7.0310432e+00   1.0000000e+00
   3.4689926e+00  -7.3551271e+00   1.0000000e+00
   4.2035451e+00  -7.8084839e+00   1.0000000e+00
   4.0468757e+00  -7.3675696e+00   1.0000000e+00
   3.9691430e+00  -7.9746102e+00   1.0000000e+00
   4.7520332e+00  -8.1828410e+00   1.0000000e+00
   4.4326282e+00  -7.9407278e+00   1.0000000e+00
   4.0600769e+00  -7.3630103e+00   1.0000000e+00
   3.7700066e+00  -7.6357377e+00   1.0000000e+00
   4.4057358e+00  -8.0600499e+00   1.0000000e+00
   4.3530346e+00  -7.0837383e+00   1.0000000e+00
   4.2865072e+00  -7.6696135e+00   1.0000000e+00
   4.1913728e+00  -7.6054707e+00   1.0000000e+00
   4.5172868e+00  -8.0383263e+00   1.0000000e+00
   4.0739227e+00  -7.1989874e+00   1.0000000e+00
   4.2119670e+00  -7.4335830e+00   1.0000000e+00
   4.5559752e+00  -8.0081590e+00   1.0000000e+00
   4.2715156e+00  -7.9708157e+00   1.0000000e+00
   4.2093742e+00  -7.2872188e+00   1.0000000e+00
   4.4125834e+00  -7.6769782e+00   1.0000000e+00
   4.3501518e+00  -7.7449665e+00   1.0000000e+00
   4.4616279e+00  -7.3254695e+00   1.0000000e+00
   4.2211430e+00  -7.6537831e+00   1.0000000e+00
   4.0217556e+00  -8.3068624e+00   1.0000000e+00
   5.1245190e+00  -7.5522471e+00   1.0000000e+00
   4.1347633e+00  -7.1361554e+00   1.0000000e+00
   4.4582459e+00  -7.2524750e+00   1.0000000e+00
   4.3313000e+00  -7.5780276e+00   1.0000000e+00
   3.9724793e+00  -7.7774585e+00   1.0000000e+00
   4.2478079e+00  -7.0523805e+00   1.0000000e+00
   3.7214473e+00  -7.9486854e+00   1.0000000e+00
   4.0774380e+00  -8.0169070e+00   1.0000000e+00
   3.7890833e+00  -7.7510101e+00   1.0000000e+00
   4.0663127e+00  -7.9406915e+00   1.0000000e+00
   4.5201652e+00  -7.2420080e+00   1.0000000e+00
   4.3602684e+00  -7.5563137e+00   1.0000000e+00
   4.0866033e+00  -7.9263179e+00   1.0000000e+00
   3.9633643e+00  -7.4778677e+00   1.0000000e+00
   4.4424531e+00  -7.7587993e+00   1.0000000e+00
  -1.8481689e+00  -3.4069715e+00   2.0000000e+00
  -1.5782702e+00  -3.3453081e+00   2.0000000e+00
  -1.2179788e+00  -3.5644166e+00   2.0000000e+00
  -1.6449569e+00  -3.0043684e+00   2.0000000e+00
  -1.7842480e+00  -3.1959919e+00   2.0000000e+00
  -2.2098797e+00  -3.0598466e+00   2.0000000e+00
  -1.4551649e+00  -3.1398994e+00   2.0000000e+00
  -1.5266926e+00  -3.2275702e+00   2.0000000e+00
  -1.6771705e+00  -3.2172556e+00   2.0000000e+00
  -1.3820801e+00  -2.8444101e+00   2.0000000e+00
  -1.8022095e+00  -3.2926779e+00   2.0000000e+00
  -1.5044209e+00  -3.4842603e+00   2.0000000e+00
  -1.7939204e+00  -3.2052081e+00   2.0000000e+00
  -1.9706901e+00  -3.2868485e+00   2.0000000e+00
  -1.7680602e+00  -2.8089220e+00   2.0000000e+00
  -1.6678053e+00  -3.3786167e+00   2.0000000e+00
  -1.2217909e+00  -3.1691769e+00   2.0000000e+00
  -1.8358309e+00  -2.9399345e+00   2.0000000e+00
  -9.1214781e-01  -3.0255337e+00   2.0000000e+00
  -1.9637581e+00  -3.2652997e+00   2.0000000e+00
  -1.9040294e+00  -3.2934936e+00   2.0000000e+00
  -1.6315989e+00  -3.4089924e+00   2.0000000e+00
  -1.7546896e+00  -3.3978585e+00   2.0000000e+00
  -1.4990049e+00  -3.1852690e+00   2.0000000e+00
  -1.8273278e+00  -3.5794799e+00   2.0000000e+00
  -1.9446540e+00  -3.5097781e+00   2.0000000e+00
  -1.5382003e+00  -2.9557010e+00   2.0000000e+00
  -1.7847242e+00  -3.9929554e+00   2.0000000e+00
  -2.2021090e+00  -3.4836063e+00   2.0000000e+00
  -1.7028614e+00  -3.5475386e+00   2.0000000e+00
  -1.9946612e+00  -2.9750768e+00   2.0000000e+00
  -1.9346809e+00  -3.2538799e+00   2.0000000e+00
  -1.9598331e+00  -3.1409450e+00   2.0000000e+00
  -1.6819797e+00  -3.0075130e+00   2.0000000e+00
  -1.9101802e+00  -2.8114458e+00   2.0000000e+00
  -1.9076696e+00  -3.1348341e+00   2.0000000e+00
  -1.7439694e+00  -3.1457762e+00   2.0000000e+00
  -1.6433440e+00  -3.6935366e+00   2.0000000e+00
  -1.4798339e+00  -3.5115875e+00   2.0000000e+00
  -1.9662462e+00  -2.9289701e+00   2.0000000e+00
  -1.7605806e+00  -3.0353070e+00   2.0000000e+00
  -1.4979224e+00  -3.5176033e+00   2.0000000e+00
  -1.5093332e+00  -3.4687967e+00   2.0000000e+00
  -2.3828994e+00  -3.5382707e+00   2.0000000e+00
  -1.6770773e+00  -3.4008092e+00   2.0000000e+00
  -2.4068388e+00  -3.1529861e+00   2.0000000e+00
  -2.0590693e+00  -2.9085725e+00   2.0000000e+00
  -1.5339462e+00  -3.3581437e+00   2.0000000e+00
  -1.6048929e+00  -2.8107149e+00   2.0000000e+00
  -1.7490892e+00  -3.3897793e+00   2.0000000e+00
  -2.0461216e+00  -3.8097990e+00   2.0000000e+00
  -2.2825023e+00  -3.0150603e+00   2.0000000e+00
  -1.6232641e+00  -3.3579467e+00   2.0000000e+00
  -1.4973372e+00  -3.3146491e+00   2.0000000e+00
  -1.9382329e+00  -2.8914122e+00   2.0000000e+00
  -2.0145260e+00  -3.0380007e+00   2.0000000e+00
  -1.6261384e+00  -2.9875115e+00   2.0000000e+00
  -1.6741892e+00  -3.8279354e+00   2.0000000e+00
  -1.9027625e+00  -2.7246178e+00   2.0000000e+00
  -1.8094348e+00  -3.5080674e+00   2.0000000e+00
  -2.3330378e+00  -3.6175987e+00   2.0000000e+00
  -1.7092389e+00  -3.2960203e+00   2.0000000e+00
  -1.9436186e+00  -3.7787013e+00   2.0000000e+00
  -1.7606102e+00  -3.5169413e+00   2.0000000e+00
  -1.4407153e+00  -3.4407094e+00   2.0000000e+00
  -1.7891748e+00  -3.0619115e+00   2.0000000e+00
  -1.9757239e+00  -3.0145627e+00   2.0000000e+00
  -1.6483535e+00  -3.8577181e+00   2.0000000e+00
  -2.2910018e+00  -2.6818216e+00   2.0000000e+00
  -1.9375338e+00  -3.8568191e+00   2.0000000e+00
  -1.6501465e+00  -3.1848960e+00   2.0000000e+00
  -2.1705235e+00  -3.5683225e+00   2.0000000e+00
  -2.4308370e+00  -3.0563274e+00   2.0000000e+00
  -1.6156338e+00  -3.1743595e+00   2.0000000e+00
  -2.4949785e+00  -3.2594254e+00   2.0000000e+00
  -2.1204628e+00  -3.4210594e+00   2.0000000e+00
  -1.8645213e+00  -3.2972686e+00   2.0000000e+00
  -1.4427957e+00  -3.5204777e+00   2.0000000e+00
  -2.1042345e+00  -2.8300477e+00   2.0000000e+00
  -1.9395190e+00  -3.8681953e+00   2.0000000e+00
  -1.2058321e+00  -3.1333179e+00   2.0000000e+00
  -1.3250019e+00  -3.4111920e+00   2.0000000e+00
  -1.4978581e+00  -2.9524917e+00   2.0000000e+00
  -1.8265082e+00  -3.3418190e+00   2.0000000e+00
  -1.7546454e+00  -3.2832666e+00   2.0000000e+00
  -1.9783115e+00  -3.4804915e+00   2.0000000e+00
  -1.6513253e+00  -3.3912255e+00   2.0000000e+00
  -1.9234017e+00  -3.2249440e+00   2.0000000e+00
  -1.6627496e+00  -3.1137379e+00   2.0000000e+00
  -2.0634299e+00  -3.3252407e+00   2.0000000e+00
  -2.0841103e+00  -3.3318670e+00   2.0000000e+00
  -1.0832518e+00  -3.1617588e+00   2.0000000e+00
  -1.9093012e+00  -3.5481910e+00   2.0000000e+00
  -1.7299185e+00  -3.1030706e+00   2.0000000e+00
  -1.3475026e+00  -3.1859477e+00   2.0000000e+00
  -1.7482152e+00  -3.5631983e+00   2.0000000e+00
  -1.6187531e+00  -3.0261535e+00   2.0000000e+00
  -1.6041570e+00  -3.4956258e+00   2.0000000e+00
  -1.6677656e+00  -3.3351176e+00   2.0000000e+00
  -1.9037407e+00  -3.2581618e+00   2.0000000e+00
  -7.6595919e+00  -7.6962042e+00   3.0000000e+00
  -7.7433704e+00  -8.2782370e+00   3.0000000e+00
  -7.9663684e+00  -7.5409834e+00   3.0000000e+00
  -7.9999607e+00  -6.4389517e+00   3.0000000e+00
  -7.9265075e+00  -7.6384644e+00   3.0000000e+00
  -7.8186821e+00  -7.2358757e+00   3.0000000e+00
  -8.3004651e+00  -7.6562422e+00   3.0000000e+00
  -7.5238073e+00  -7.5800069e+00   3.0000000e+00
  -8.1802675e+00  -7.5415387e+00   3.0000000e+00
  -7.7689900e+00  -7.2469124e+00   3.0000000e+00
  -7.1897438e+00  -7.9110246e+00   3.0000000e+00
  -7.8169557e+00  -7.4628951e+00   3.0000000e+00
  -8.1391734e+00  -7.9975873e+00   3.0000000e+00
  -7.9839871e+00  -7.4349473e+00   3.0000000e+00
  -8.2100818e+00  -7.6962744e+00   3.0000000e+00
  -8.0235820e+00  -7.7517185e+00   3.0000000e+00
  -8.0275706e+00  -7.6856901e+00   3.0000000e+00
  -8.1770130e+00  -7.2384246e+00   3.0000000e+00
  -7.9151687e+00  -7.6801507e+00   3.0000000e+00
  -7.7915401e+00  -7.9745223e+00   3.0000000e+00
  -7.5819563e+00  -7.4601489e+00   3.0000000e+00
  -7.9038473e+00  -7.4496452e+00   3.0000000e+00
  -7.3371325e+00  -7.9653245e+00   3.0000000e+00
  -8.1226700e+00  -7.6958325e+00   3.0000000e+00
  -7.6230807e+00  -7.6368424e+00   3.0000000e+00
  -7.8930280e+00  -7.7810624e+00   3.0000000e+00
  -7.3251233e+00  -8.1938129e+00   3.0000000e+00
  -7.8352523e+00  -7.7510203e+00   3.0000000e+00
  -8.0511226e+00  -8.0281588e+00   3.0000000e+00
  -8.6821029e+00  -7.8457382e+00   3.0000000e+00
  -7.9628228e+00  -7.3988264e+00   3.0000000e+00
  -7.5734940e+00  -7.7030842e+00   3.0000000e+00
  -7.2907685e+00  -7.8960206e+00   3.0000000e+00
  -8.0089895e+00  -7.2921463e+00   3.0000000e+00
  -7.6032909e+00  -7.1657375e+00   3.0000000e+00
  -7.8377022e+00  -7.5907344e+00   3.0000000e+00
  -7.9730348e+00  -7.0069659e+00   3.0000000e+00
  -7.8717957e+00  -7.3549975e+00   3.0000000e+00
  -7.2390648e+00  -7.3969772e+00   3.0000000e+00
  -7.5728965e+00  -7.4702276e+00   3.0000000e+00
  -7.7690229e+00  -7.9743626e+00   3.0000000e+00
  -7.8520556e+00  -7.7347907e+00   3.0000000e+00
  -7.7157685e+00  -7.4507043e+00   3.0000000e+00
  -7.9846226e+00  -7.6169276e+00   3.0000000e+00
  -7.5481366e+00  -7.9154097e+00   3.0000000e+00
  -7.9049851e+00  -7.8201414e+00   3.0000000e+00
  -7.7570205e+00  -6.6407989e+00   3.0000000e+00
  -7.8558320e+00  -7.6159663e+00   3.0000000e+00
  -7.9043800e+00  -7.5753855e+00   3.0000000e+00
  -8.4550036e+00  -7.4895608e+00   3.0000000e+00
  -7.4098946e+00  -7.5299125e+00   3.0000000e+00
  -7.2499583e+00  -7.1366256e+00   3.0000000e+00
  -7.6953498e+00  -7.1734777e+00   3.0000000e+00
  -7.3025408e+00  -7.9918030e+00   3.0000000e+00
  -7.8093376e+00  -6.7903395e+00   3.0000000e+00
  -7.9384421e+00  -7.9172627e+00   3.0000000e+00
  -7.2864936e+00  -7.4172503e+00   3.0000000e+00
  -8.1861930e+00  -8.0924971e+00   3.0000000e+00
  -7.8385221e+00  -8.1927061e+00   3.0000000e+00
  -7.1996026e+00  -7.7488733e+00   3.0000000e+00
  -7.4298009e+00  -7.3109765e+00   3.0000000e+00
  -7.6681167e+00  -7.8703913e+00   3.0000000e+00
  -7.8778762e+00  -7.7770240e+00   3.0000000e+00
  -7.7318857e+00  -7.4366276e+00   3.0000000e+00
  -8.0802418e+00  -8.2211904e+00   3.0000000e+00
  -7.6025612e+00  -8.0004766e+00   3.0000000e+00
  -7.7879800e+00  -7.7922796e+00   3.0000000e+00
  -8.1331526e+00  -7.2044548e+00   3.0000000e+00
  -7.3601654e+00  -7.6438268e+00   3.0000000e+00
  -7.7893087e+00  -7.7210032e+00   3.0000000e+00
  -8.0031488e+00  -8.0012178e+00   3.0000000e+00
  -8.1811493e+00  -7.8688212e+00   3.0000000e+00
  -7.6069845e+00  -7.5778369e+00   3.0000000e+00
  -7.7296738e+00  -7.5103037e+00   3.0000000e+00
  -7.9673030e+00  -7.6868047e+00   3.0000000e+00
  -8.3587844e+00  -7.3138860e+00   3.0000000e+00
  -7.5622956e+00  -7.8534031e+00   3.0000000e+00
  -7.8370319e+00  -7.4262113e+00   3.0000000e+00
  -7.7996014e+00  -8.0904419e+00   3.0000000e+00
  -7.9112490e+00  -8.3282653e+00   3.0000000e+00
  -7.6606391e+00  -7.3615472e+00   3.0000000e+00
  -8.1016148e+00  -7.8500970e+00   3.0000000e+00
  -7.4384207e+00  -7.3268778e+00   3.0000000e+00
  -7.8196325e+00  -8.0611914e+00   3.0000000e+00
  -7.7867490e+00  -7.9355499e+00   3.0000000e+00
  -8.1021576e+00  -7.8084032e+00   3.0000000e+00
  -7.8459185e+00  -7.3959761e+00   3.0000000e+00
  -8.0871635e+00  -7.8495813e+00   3.0000000e+00
  -7.6526775e+00  -7.7800456e+00   3.0000000e+00
  -7.6429916e+00  -8.5331068e+00   3.0000000e+00
  -8.0619787e+00  -7.4028368e+00   3.0000000e+00
  -7.8440453e+00  -7.6923517e+00   3.0000000e+00
  -7.8840609e+00  -7.5454693e+00   3.0000000e+00
  -8.1598855e+00  -8.2166623e+00   3.0000000e+00
  -7.5283572e+00  -8.1980394e+00   3.0000000e+00
  -7.4618153e+00  -7.8877534e+00   3.0000000e+00
  -8.4730190e+00  -8.0493457e+00   3.0000000e+00
  -7.7820249e+00  -7.4439921e+00   3.0000000e+00
  -7.7707493e+00  -7.7964360e+00   3.0000000e+00
  -7.8911270e+00  -6.9028929e+00   3.0000000e+00
  -5.5920524e+00  -1.5092697e+01   4.0000000e+00
  -5.3367069e+00  -1.4777625e+01   4.0000000e+00
  -5.6208655e+00  -1.4582987e+01   4.0000000e+00
  -5.4736758e+00  -1.4931937e+01   4.0000000e+00
  -6.2225255e+00  -1.5230023e+01   4.0000000e+00
  -5.2757887e+00  -1.4456761e+01   4.0000000e+00
  -5.1535441e+00  -1.5385828e+01   4.0000000e+00
  -5.7299030e+00  -1.5177950e+01   4.0000000e+00
  -5.3411216e+00  -1.4791130e+01   4.0000000e+00
  -5.3132378e+00  -1.4900135e+01   4.0000000e+00
  -5.4105178e+00  -1.4278732e+01   4.0000000e+00
  -5.4669575e+00  -1.5000127e+01   4.0000000e+00
  -5.6611412e+00  -1.5367266e+01   4.0000000e+00
  -5.3100657e+00  -1.4766920e+01   4.0000000e+00
  -5.8153642e+00  -1.5152309e+01   4.0000000e+00
  -5.3652126e+00  -1.4555546e+01   4.0000000e+00
  -5.6407886e+00  -1.4736393e+01   4.0000000e+00
  -5.2548767e+00  -1.4417740e+01   4.0000000e+00
  -5.5522417e+00  -1.4587322e+01   4.0000000e+00
  -5.8063161e+00  -1.5290657e+01   4.0000000e+00
  -5.0640023e+00  -1.4968706e+01   4.0000000e+00
  -5.4297122e+00  -1.4745496e+01   4.0000000e+00
  -5.5943252e+00  -1.5147914e+01   4.0000000e+00
  -5.8769075e+00  -1.4242083e+01   4.0000000e+00
  -5.6076477e+00  -1.4459374e+01   4.0000000e+00
  -4.9324078e+00  -1.5099948e+01   4.0000000e+00
  -6.0357820e+00  -1.4437264e+01   4.0000000e+00
  -5.3374422e+00  -1.4415372e+01   4.0000000e+00
  -5.3609325e+00  -1.4386589e+01   4.0000000e+00
  -5.6589255e+00  -1.4529404e+01   4.0000000e+00
  -5.9497925e+00  -1.4181706e+01   4.0000000e+00
  -5.4513631e+00  -1.4549299e+01   4.0000000e+00
  -5.2065706e+00  -1.4229315e+01   4.0000000e+00
  -5.6170106e+00  -1.4685271e+01   4.0000000e+00
  -5.2452317e+00  -1.5023217e+01   4.0000000e+00
  -5.4473577e+00  -1.5222310e+01   4.0000000e+00
  -5.5556351e+00  -1.5285671e+01   4.0000000e+00
  -4.8307150e+00  -1.5050692e+01   4.0000000e+00
  -5.5118803e+00  -1.4212646e+01   4.0000000e+00
  -5.5784084e+00  -1.4839064e+01   4.0000000e+00
  -5.2364825e+00  -1.4850816e+01   4.0000000e+00
  -5.5968361e+00  -1.4919280e+01   4.0000000e+00
  -5.5112268e+00  -1.4709654e+01   4.0000000e+00
  -5.2104868e+00  -1.4420438e+01   4.0000000e+00
  -5.3598998e+00  -1.4388256e+01   4.0000000e+00
  -5.0483314e+00  -1.4468854e+01   4.0000000e+00
  -5.1245732e+00  -1.4526334e+01   4.0000000e+00
  -5.0918533e+00  -1.4848588e+01   4.0000000e+00
  -5.7749514e+00  -1.5075366e+01   4.0000000e+00
  -5.8717343e+00  -1.4327469e+01   4.0000000e+00
  -5.2114235e+00  -1.5014496e+01   4.0000000e+00
  -5.5665982e+00  -1.4857307e+01   4.0000000e+00
  -5.2496891e+00  -1.4615997e+01   4.0000000e+00
  -5.1728486e+00  -1.5585587e+01   4.0000000e+00
  -5.8826651e+00  -1.4728009e+01   4.0000000e+00
  -5.3326839e+00  -1.4738035e+01   4.0000000e+00
  -4.8238555e+00  -1.4482873e+01   4.0000000e+00
  -5.5876588e+00  -1.4936162e+01   4.0000000e+00
  -5.4943894e+00  -1.4819146e+01   4.0000000e+00
  -5.0582035e+00  -1.4283700e+01   4.0000000e+00
  -5.4433098e+00  -1.4669649e+01   4.0000000e+00
  -5.3028883e+00  -1.4511450e+01   4.0000000e+00
  -5.4469581e+00  -1.5140774e+01   4.0000000e+00
  -5.4611348e+00  -1.5001318e+01   4.0000000e+00
  -5.5004530e+00  -1.5331381e+01   4.0000000e+00
  -6.3840401e+00  -1.5064106e+01   4.0000000e+00
  -5.5568808e+00  -1.4307389e+01   4.0000000e+00
  -4.9603587e+00  -1.5123114e+01   4.0000000e+00
  -5.6588688e+00  -1.4137199e+01   4.0000000e+00
  -5.7651064e+00  -1.5210616e+01   4.0000000e+00
  -5.0531176e+00  -1.5072465e+01   4.0000000e+00
  -5.5824275e+00  -1.4786987e+01   4.0000000e+00
  -5.1752465e+00  -1.4932593e+01   4.0000000e+00
  -5.2029366e+00  -1.4889762e+01   4.0000000e+00
  -5.2557181e+00  -1.4641447e+01   4.0000000e+00
  -5.3846528e+00  -1.4461704e+01   4.0000000e+00
  -6.0952399e+00  -1.4352429e+01   4.0000000e+00
  -5.6699096e+00  -1.4960698e+01   4.0000000e+00
  -5.5432826e+00  -1.4779084e+01   4.0000000e+00
  -5.7850295e+00  -1.4162477e+01   4.0000000e+00
  -5.3791877e+00  -1.4454792e+01   4.0000000e+00
  -5.2665022e+00  -1.4240728e+01   4.0000000e+00
  -5.6195471e+00  -1.5009465e+01   4.0000000e+00
  -5.2853497e+00  -1.4747019e+01   4.0000000e+00
  -5.5753327e+00  -1.4925183e+01   4.0000000e+00
  -5.0640179e+00  -1.4751974e+01   4.0000000e+00
  -4.7749957e+00  -1.4894066e+01   4.0000000e+00
  -4.9748833e+00  -1.5087764e+01   4.0000000e+00
  -5.1705622e+00  -1.4372965e+01   4.0000000e+00
  -5.6866356e+00  -1.4752398e+01   4.0000000e+00
  -5.1904531e+00  -1.5045412e+01   4.0000000e+00
  -5.1977738e+00  -1.4881464e+01   4.0000000e+00
  -5.6542244e+00  -1.4506609e+01   4.0000000e+00
  -5.9535359e+00  -1.4645072e+01   4.0000000e+00
  -5.9332515e+00  -1.4524432e+01   4.0000000e+00
  -5.3632269e+00  -1.4654708e+01   4.0000000e+00
  -5.2695148e+00  -1.5208824e+01   4.0000000e+00
  -4.8897735e+00  -1.5059894e+01   4.0000000e+00
  -5.9324880e+00  -1.4535635e+01   4.0000000e+00
  -5.0316556e+00  -1.4894305e+01   4.0000000e+00
   1.6452259e+00  -1.4527395e+01   5.0000000e+00
   1.9549485e+00  -1.4217402e+01   5.0000000e+00
   1.8565753e+00  -1.5031978e+01   5.0000000e+00
   1.8548700e+00  -1.4932432e+01   5.0000000e+00
   1.5173665e+00  -1.5064899e+01   5.0000000e+00
   2.1144463e+00  -1.4397304e+01   5.0000000e+00
   2.2001577e+00  -1.4919973e+01   5.0000000e+00
   1.7653350e+00  -1.5086260e+01   5.0000000e+00
   1.6548637e+00  -1.4603363e+01   5.0000000e+00
   2.3937070e+00  -1.4683970e+01   5.0000000e+00
   1.6274265e+00  -1.4391920e+01   5.0000000e+00
   2.1368370e+00  -1.4231446e+01   5.0000000e+00
   1.9567040e+00  -1.4806334e+01   5.0000000e+00
   1.9807637e+00  -1.5001638e+01   5.0000000e+00
   1.9324045e+00  -1.5184826e+01   5.0000000e+00
   1.8111954e+00  -1.5782330e+01   5.0000000e+00
   2.1115223e+00  -1.4425821e+01   5.0000000e+00
   1.4149989e+00  -1.5004708e+01   5.0000000e+00
   2.0931750e+00  -1.4932910e+01   5.0000000e+00
   2.0759099e+00  -1.4465702e+01   5.0000000e+00
   2.1353952e+00  -1.4414250e+01   5.0000000e+00
   2.4261707e+00  -1.4350300e+01   5.0000000e+00
   2.1125315e+00  -1.5229490e+01   5.0000000e+00
   1.5752537e+00  -1.4793368e+01   5.0000000e+00
   2.0555859e+00  -1.4656399e+01   5.0000000e+00
   1.6375142e+00  -1.4638325e+01   5.0000000e+00
   2.2895370e+00  -1.4217505e+01   5.0000000e+00
   2.4422642e+00  -1.4651450e+01   5.0000000e+00
   1.6920670e+00  -1.4143638e+01   5.0000000e+00
   1.8464070e+00  -1.4490832e+01   5.0000000e+00
   2.1673731e+00  -1.4873192e+01   5.0000000e+00
   2.5112147e+00  -1.5118651e+01   5.0000000e+00
   1.7392397e+00  -1.4699413e+01   5.0000000e+00
   1.8748207e+00  -1.4561646e+01   5.0000000e+00
   1.3358564e+00  -1.4918347e+01   5.0000000e+00
   1.6870872e+00  -1.4244909e+01   5.0000000e+00
   2.1809495e+00  -1.4145262e+01   5.0000000e+00
   1.8725983e+00  -1.4939362e+01   5.0000000e+00
   2.1009621e+00  -1.5104304e+01   5.0000000e+00
   2.2461567e+00  -1.4960233e+01   5.0000000e+00
   1.9093616e+00  -1.4708351e+01   5.0000000e+00
   1.6820797e+00  -1.4582016e+01   5.0000000e+00
   1.8112989e+00  -1.4905369e+01   5.0000000e+00
   1.8877350e+00  -1.5396926e+01   5.0000000e+00
   1.8517523e+00  -1.4924840e+01   5.0000000e+00
   2.3213277e+00  -1.4550956e+01   5.0000000e+00
   2.1036062e+00  -1.5098267e+01   5.0000000e+00
   1.9765066e+00  -1.4636575e+01   5.0000000e+00
   1.4988226e+00  -1.5052710e+01   5.0000000e+00
   1.6089066e+00  -1.5235489e+01   5.0000000e+00
   2.3748084e+00  -1.4353556e+01   5.0000000e+00
   1.7982481e+00  -1.4833723e+01   5.0000000e+00
   2.0853179e+00  -1.4663048e+01   5.0000000e+00
   1.8299679e+00  -1.4611402e+01   5.0000000e+00
   1.9132019e+00  -1.5154663e+01   5.0000000e+00
   2.2573510e+00  -1.4598761e+01   5.0000000e+00
   1.5277579e+00  -1.4630783e+01   5.0000000e+00
   2.7444439e+00  -1.5028570e+01   5.0000000e+00
   1.8260958e+00  -1.4836367e+01   5.0000000e+00
   2.0425273e+00  -1.4720590e+01   5.0000000e+00
   1.8991328e+00  -1.5094877e+01   5.0000000e+00
   1.6899505e+00  -1.4625078e+01   5.0000000e+00
   2.7544783e+00  -1.5033176e+01   5.0000000e+00
   2.6523093e+00  -1.4332093e+01   5.0000000e+00
   1.2548563e+00  -1.4773759e+01   5.0000000e+00
   1.4389307e+00  -1.4303325e+01   5.0000000e+00
   1.9958044e+00  -1.4649819e+01   5.0000000e+00
   2.1417682e+00  -1.4124829e+01   5.0000000e+00
   1.6153877e+00  -1.4815630e+01   5.0000000e+00
   1.9229772e+00  -1.4534142e+01   5.0000000e+00
   2.2707221e+00  -1.5281360e+01   5.0000000e+00
   2.0688522e+00  -1.4607250e+01   5.0000000e+00
   2.1479644e+00  -1.4727526e+01   5.0000000e+00
   2.0163418e+00  -1.5016090e+01   5.0000000e+00
   2.0470801e+00  -1.4675256e+01   5.0000000e+00
   2.2687165e+00  -1.4953110e+01   5.0000000e+00
   2.4009937e+00  -1.4506574e+01   5.0000000e+00
   2.2130251e+00  -1.5086723e+01   5.0000000e+00
   1.4587771e+00  -1.4419301e+01   5.0000000e+00
   2.0932478e+00  -1.4869486e+01   5.0000000e+00
   1.7646489e+00  -1.4943775e+01   5.0000000e+00
   2.1229277e+00  -1.4379381e+01   5.0000000e+00
   2.2954420e+00  -1.4866593e+01   5.0000000e+00
   1.5259817e+00  -1.4743004e+01   5.0000000e+00
   1.8751770e+00  -1.5227442e+01   5.0000000e+00
   1.7767686e+00  -1.4889892e+01   5.0000000e+00
   2.4477188e+00  -1.4835756e+01   5.0000000e+00
   2.1740006e+00  -1.4952094e+01   5.0000000e+00
   1.8987781e+00  -1.4252237e+01   5.0000000e+00
   1.7516748e+00  -1.4391772e+01   5.0000000e+00
   1.9356909e+00  -1.4363650e+01   5.0000000e+00
   2.3312581e+00  -1.4976224e+01   5.0000000e+00
   2.1995306e+00  -1.4358127e+01   5.0000000e+00
   2.1679847e+00  -1.4969690e+01   5.0000000e+00
   2.3044663e+00  -1.4145119e+01   5.0000000e+00
   1.9327575e+00  -1.4556772e+01   5.0000000e+00
   2.7564041e+00  -1.5509987e+01   5.0000000e+00
   1.7061863e+00  -1.5202351e+01   5.0000000e+00
   1.7445976e+00  -1.4383555e+01   5.0000000e+00
   2.1927172e+00  -1.5033599e+01   5.0000000e+00
